85 58 97
89 24 30
88 59 42
96 77 27
13 60 23
71 32 99
6 0 8
20 53 97
79 56 4
46 87 82
60 72 41
52 76 26
101 88 45
54 54 57
23 37 66
45 82 73
17 41 71
80 74 32
0 8 6
23 36 38
46 59 48
85 87 68
8 79 16
74 80 90
26 36 46
66 32 6
84 17 46
57 21 48
47 72 97
16 27 25
1 3 77
11 26 100
36 25 88
35 67 37
93 76 13
25 89 14
40 52 41
49 61 84
46 79 3
6 89 35
44 52 80
23 92 33
43 3 4
98 75 29
43 14 61
90 13 62
53 101 88
38 74 65
44 90 94
17 78 79
8 95 57
26 44 54
29 45 0
68 70 47
18 70 97
57 48 72
48 94 47
52 26 34
95 91 88
61 3 62
25 80 94
2 49 68
59 66 50
97 16 81
97 66 90
23 43 71
34 20 10
78 1 17
91 18 84
70 9 94
56 73 71
78 62 39
68 87 73
76 25 36
4 6 36
39 97 38
21 81 99
41 55 83
52 22 16
47 37 13
2 16 44
8 17 20
0 93 41
32 57 92
67 11 91
98 90 2
86 35 54
10 28 50
22 58 44
60 56 80
73 80 100
45 83 95
13 0 16
24 51 30
17 76 14
91 24 42
82 24 10
10 6 1
44 21 18
21 30 23