7 51 31
26 74 42
76 62 34
79 76 74
34 39 14
41 6 44
52 15 54
14 14 5
66 47 78
60 22 4
80 51 42
84 54 71
82 91 95
17 18 27
4 84 53
9 58 78
77 40 65
19 95 73
83 51 95
72 88 66
85 46 9
72 14 11
57 61 12
10 69 74
88 70 0
4 19 78
101 75 55
16 14 78
93 71 96
65 40 1
53 44 32
38 55 12
49 88 101
9 72 30
52 1 85
52 60 80
66 101 13
41 55 70
8 43 7
67 20 50
51 29 31
63 3 62
67 71 89
65 76 55
28 79 49
88 74 23
44 4 59
25 20 2
13 48 15
49 81 81
80 34 48
87 47 4
7 84 8
19 33 90
18 26 9
6 84 10
0 7 18
24 86 25
62 85 10
100 21 92
96 98 17
53 56 45
67 53 99
15 34 68
80 89 19
36 3 48
95 65 73
2 41 93
99 89 7
31 73 75
70 84 30
1 38 15
75 38 89
32 12 3
1 78 91
74 37 61
95 6 0
27 81 47
23 91 30
47 48 52
34 32 24
60 86 85
9 91 8
28 81 34
69 2 4
29 76 30
18 19 56
40 72 35
34 64 81
69 57 69
33 87 92
54 95 7
3 86 29
34 54 48
36 45 13
66 84 54
74 85 55
85 75 94
64 8 5
88 46 55